209 196
crane section
2
0 30 28 40 34 1 0 33 30
1 120 28 130 34 1 0 123 30
storage section
480
0 30 90
1 33 90
2 36 90
3 39 90
4 42 90
5 45 90
6 48 90
7 51 90
8 54 90
9 57 90
10 60 90
11 63 90
12 66 90
13 69 90
14 72 90
15 75 90
16 78 90
17 81 90
18 84 90
19 87 90
20 120 90
21 123 90
22 126 90
23 129 90
24 132 90
25 135 90
26 138 90
27 141 90
28 144 90
29 147 90
30 150 90
31 153 90
32 156 90
33 159 90
34 162 90
35 165 90
36 168 90
37 171 90
38 174 90
39 177 90
40 30 94
41 33 94
42 36 94
43 39 94
44 42 94
45 45 94
46 48 94
47 51 94
48 54 94
49 57 94
50 60 94
51 63 94
52 66 94
53 69 94
54 72 94
55 75 94
56 78 94
57 81 94
58 84 94
59 87 94
60 120 94
61 123 94
62 126 94
63 129 94
64 132 94
65 135 94
66 138 94
67 141 94
68 144 94
69 147 94
70 150 94
71 153 94
72 156 94
73 159 94
74 162 94
75 165 94
76 168 94
77 171 94
78 174 94
79 177 94
80 30 98
81 33 98
82 36 98
83 39 98
84 42 98
85 45 98
86 48 98
87 51 98
88 54 98
89 57 98
90 60 98
91 63 98
92 66 98
93 69 98
94 72 98
95 75 98
96 78 98
97 81 98
98 84 98
99 87 98
100 120 98
101 123 98
102 126 98
103 129 98
104 132 98
105 135 98
106 138 98
107 141 98
108 144 98
109 147 98
110 150 98
111 153 98
112 156 98
113 159 98
114 162 98
115 165 98
116 168 98
117 171 98
118 174 98
119 177 98
120 30 102
121 33 102
122 36 102
123 39 102
124 42 102
125 45 102
126 48 102
127 51 102
128 54 102
129 57 102
130 60 102
131 63 102
132 66 102
133 69 102
134 72 102
135 75 102
136 78 102
137 81 102
138 84 102
139 87 102
140 120 102
141 123 102
142 126 102
143 129 102
144 132 102
145 135 102
146 138 102
147 141 102
148 144 102
149 147 102
150 150 102
151 153 102
152 156 102
153 159 102
154 162 102
155 165 102
156 168 102
157 171 102
158 174 102
159 177 102
160 30 106
161 33 106
162 36 106
163 39 106
164 42 106
165 45 106
166 48 106
167 51 106
168 54 106
169 57 106
170 60 106
171 63 106
172 66 106
173 69 106
174 72 106
175 75 106
176 78 106
177 81 106
178 84 106
179 87 106
180 120 106
181 123 106
182 126 106
183 129 106
184 132 106
185 135 106
186 138 106
187 141 106
188 144 106
189 147 106
190 150 106
191 153 106
192 156 106
193 159 106
194 162 106
195 165 106
196 168 106
197 171 106
198 174 106
199 177 106
200 30 110
201 33 110
202 36 110
203 39 110
204 42 110
205 45 110
206 48 110
207 51 110
208 54 110
209 57 110
210 60 110
211 63 110
212 66 110
213 69 110
214 72 110
215 75 110
216 78 110
217 81 110
218 84 110
219 87 110
220 120 110
221 123 110
222 126 110
223 129 110
224 132 110
225 135 110
226 138 110
227 141 110
228 144 110
229 147 110
230 150 110
231 153 110
232 156 110
233 159 110
234 162 110
235 165 110
236 168 110
237 171 110
238 174 110
239 177 110
240 30 144
241 33 144
242 36 144
243 39 144
244 42 144
245 45 144
246 48 144
247 51 144
248 54 144
249 57 144
250 60 144
251 63 144
252 66 144
253 69 144
254 72 144
255 75 144
256 78 144
257 81 144
258 84 144
259 87 144
260 120 144
261 123 144
262 126 144
263 129 144
264 132 144
265 135 144
266 138 144
267 141 144
268 144 144
269 147 144
270 150 144
271 153 144
272 156 144
273 159 144
274 162 144
275 165 144
276 168 144
277 171 144
278 174 144
279 177 144
280 30 148
281 33 148
282 36 148
283 39 148
284 42 148
285 45 148
286 48 148
287 51 148
288 54 148
289 57 148
290 60 148
291 63 148
292 66 148
293 69 148
294 72 148
295 75 148
296 78 148
297 81 148
298 84 148
299 87 148
300 120 148
301 123 148
302 126 148
303 129 148
304 132 148
305 135 148
306 138 148
307 141 148
308 144 148
309 147 148
310 150 148
311 153 148
312 156 148
313 159 148
314 162 148
315 165 148
316 168 148
317 171 148
318 174 148
319 177 148
320 30 152
321 33 152
322 36 152
323 39 152
324 42 152
325 45 152
326 48 152
327 51 152
328 54 152
329 57 152
330 60 152
331 63 152
332 66 152
333 69 152
334 72 152
335 75 152
336 78 152
337 81 152
338 84 152
339 87 152
340 120 152
341 123 152
342 126 152
343 129 152
344 132 152
345 135 152
346 138 152
347 141 152
348 144 152
349 147 152
350 150 152
351 153 152
352 156 152
353 159 152
354 162 152
355 165 152
356 168 152
357 171 152
358 174 152
359 177 152
360 30 156
361 33 156
362 36 156
363 39 156
364 42 156
365 45 156
366 48 156
367 51 156
368 54 156
369 57 156
370 60 156
371 63 156
372 66 156
373 69 156
374 72 156
375 75 156
376 78 156
377 81 156
378 84 156
379 87 156
380 120 156
381 123 156
382 126 156
383 129 156
384 132 156
385 135 156
386 138 156
387 141 156
388 144 156
389 147 156
390 150 156
391 153 156
392 156 156
393 159 156
394 162 156
395 165 156
396 168 156
397 171 156
398 174 156
399 177 156
400 30 160
401 33 160
402 36 160
403 39 160
404 42 160
405 45 160
406 48 160
407 51 160
408 54 160
409 57 160
410 60 160
411 63 160
412 66 160
413 69 160
414 72 160
415 75 160
416 78 160
417 81 160
418 84 160
419 87 160
420 120 160
421 123 160
422 126 160
423 129 160
424 132 160
425 135 160
426 138 160
427 141 160
428 144 160
429 147 160
430 150 160
431 153 160
432 156 160
433 159 160
434 162 160
435 165 160
436 168 160
437 171 160
438 174 160
439 177 160
440 30 164
441 33 164
442 36 164
443 39 164
444 42 164
445 45 164
446 48 164
447 51 164
448 54 164
449 57 164
450 60 164
451 63 164
452 66 164
453 69 164
454 72 164
455 75 164
456 78 164
457 81 164
458 84 164
459 87 164
460 120 164
461 123 164
462 126 164
463 129 164
464 132 164
465 135 164
466 138 164
467 141 164
468 144 164
469 147 164
470 150 164
471 153 164
472 156 164
473 159 164
474 162 164
475 165 164
476 168 164
477 171 164
478 174 164
479 177 164
carrier section
4
0 0 41 162
1 0 83 162
2 1 125 162
3 1 143 162
container section
240
0 269
1 38
2 171
3 368
4 154
5 208
6 239
7 372
8 47
9 342
10 71
11 352
12 111
13 103
14 402
15 122
16 385
17 462
18 31
19 167
20 214
21 210
22 166
23 325
24 461
25 134
26 131
27 80
28 394
29 67
30 62
31 77
32 84
33 200
34 63
35 184
36 205
37 417
38 204
39 312
40 429
41 326
42 384
43 120
44 193
45 407
46 165
47 361
48 192
49 278
50 73
51 318
52 41
53 321
54 348
55 98
56 59
57 398
58 432
59 440
60 409
61 251
62 315
63 39
64 89
65 23
66 304
67 45
68 434
69 229
70 128
71 158
72 272
73 474
74 123
75 147
76 305
77 376
78 293
79 50
80 238
81 222
82 237
83 138
84 121
85 3
86 365
87 133
88 375
89 288
90 244
91 236
92 415
93 91
94 149
95 160
96 152
97 69
98 470
99 223
100 448
101 419
102 108
103 381
104 178
105 320
106 173
107 459
108 135
109 53
110 323
111 100
112 30
113 227
114 5
115 101
116 437
117 267
118 317
119 354
120 347
121 174
122 451
123 243
124 460
125 142
126 382
127 424
128 27
129 70
130 271
131 289
132 273
133 93
134 163
135 20
136 57
137 373
138 423
139 405
140 473
141 329
142 37
143 179
144 422
145 104
146 366
147 264
148 455
149 141
150 367
151 285
152 125
153 181
154 378
155 29
156 411
157 185
158 298
159 65
160 198
161 153
162 294
163 421
164 183
165 472
166 306
167 220
168 335
169 21
170 334
171 308
172 479
173 297
174 396
175 467
176 279
177 475
178 140
179 406
180 24
181 355
182 68
183 336
184 252
185 290
186 34
187 233
188 444
189 327
190 350
191 344
192 72
193 447
194 156
195 379
196 445
197 399
198 274
199 75
200 99
201 413
202 26
203 126
204 49
205 225
206 442
207 172
208 146
209 452
210 25
211 436
212 420
213 446
214 226
215 292
216 412
217 443
218 465
219 330
220 43
221 316
222 404
223 324
224 209
225 416
226 268
227 217
228 397
229 453
230 387
231 33
232 64
233 144
234 106
235 40
236 190
237 469
238 418
239 79
demand section
33  % 33 containers will appear during the day with all operations
demand crane 0
3 0 1 2    % 3 ships coming: ships 0, 1 and 2
ship 0
10  % number of operations at the crane for this ship
unload 0 240 213   % pick at discharge 0 container 240 and put it at storage area 213
unload 0 241 363   % pick at discharge 0 container 241 and put it at storage area 363
unload 0 242 414   % pick at discharge 0 container 242 and put it at storage area 414
unload 0 243 250   % pick at discharge 0 container 243 and put it at storage area 250
unload 0 244 94   % pick at discharge 0 container 244 and put it at storage area 94
unload 0 245 18   % pick at discharge 0 container 245 and put it at storage area 18
unload 0 246 441   % pick at discharge 0 container 246 and put it at storage area 441
unload 0 247 58   % pick at discharge 0 container 247 and put it at storage area 58
unload 0 248 44   % pick at discharge 0 container 248 and put it at storage area 44
load 0 189   % bring container 189 to discharge 0
ship 1
10  % number of operations at the crane for this ship
unload 0 249 6   % pick at discharge 0 container 249 and put it at storage area 6
unload 0 250 362   % pick at discharge 0 container 250 and put it at storage area 362
unload 0 251 132   % pick at discharge 0 container 251 and put it at storage area 132
unload 0 252 401   % pick at discharge 0 container 252 and put it at storage area 401
unload 0 253 281   % pick at discharge 0 container 253 and put it at storage area 281
unload 0 254 377   % pick at discharge 0 container 254 and put it at storage area 377
unload 0 255 296   % pick at discharge 0 container 255 and put it at storage area 296
unload 0 256 249   % pick at discharge 0 container 256 and put it at storage area 249
unload 0 257 456   % pick at discharge 0 container 257 and put it at storage area 456
load 0 225   % bring container 225 to discharge 0
ship 2
10  % number of operations at the crane for this ship
unload 0 258 83   % pick at discharge 0 container 258 and put it at storage area 83
unload 0 259 55   % pick at discharge 0 container 259 and put it at storage area 55
unload 0 260 136   % pick at discharge 0 container 260 and put it at storage area 136
unload 0 261 212   % pick at discharge 0 container 261 and put it at storage area 212
unload 0 262 255   % pick at discharge 0 container 262 and put it at storage area 255
unload 0 263 52   % pick at discharge 0 container 263 and put it at storage area 52
unload 0 264 9   % pick at discharge 0 container 264 and put it at storage area 9
unload 0 265 371   % pick at discharge 0 container 265 and put it at storage area 371
load 0 107   % bring container 107 to discharge 0
load 0 14   % bring container 14 to discharge 0
demand crane 1
3 3 4 5    % 3 ships coming: ships 3, 4 and 5
ship 3
6  % number of operations at the crane for this ship
unload 0 266 180   % pick at discharge 0 container 266 and put it at storage area 180
load 0 230   % bring container 230 to discharge 0
load 0 112   % bring container 112 to discharge 0
load 0 191   % bring container 191 to discharge 0
load 0 172   % bring container 172 to discharge 0
load 0 99   % bring container 99 to discharge 0
ship 4
10  % number of operations at the crane for this ship
unload 0 267 314   % pick at discharge 0 container 267 and put it at storage area 314
unload 0 268 182   % pick at discharge 0 container 268 and put it at storage area 182
unload 0 269 319   % pick at discharge 0 container 269 and put it at storage area 319
unload 0 270 270   % pick at discharge 0 container 270 and put it at storage area 270
unload 0 271 340   % pick at discharge 0 container 271 and put it at storage area 340
load 0 214   % bring container 214 to discharge 0
load 0 169   % bring container 169 to discharge 0
load 0 236   % bring container 236 to discharge 0
load 0 116   % bring container 116 to discharge 0
load 0 4   % bring container 4 to discharge 0
ship 5
8  % number of operations at the crane for this ship
unload 0 272 187   % pick at discharge 0 container 272 and put it at storage area 187
load 0 147   % bring container 147 to discharge 0
load 0 210   % bring container 210 to discharge 0
load 0 58   % bring container 58 to discharge 0
load 0 190   % bring container 190 to discharge 0
load 0 205   % bring container 205 to discharge 0
load 0 39   % bring container 39 to discharge 0
load 0 180   % bring container 180 to discharge 0
