209 196
crane section
2
0 30 28 40 34 1 0 33 30
1 120 28 130 34 1 0 123 30
storage section
480
0 30 90
1 33 90
2 36 90
3 39 90
4 42 90
5 45 90
6 48 90
7 51 90
8 54 90
9 57 90
10 60 90
11 63 90
12 66 90
13 69 90
14 72 90
15 75 90
16 78 90
17 81 90
18 84 90
19 87 90
20 120 90
21 123 90
22 126 90
23 129 90
24 132 90
25 135 90
26 138 90
27 141 90
28 144 90
29 147 90
30 150 90
31 153 90
32 156 90
33 159 90
34 162 90
35 165 90
36 168 90
37 171 90
38 174 90
39 177 90
40 30 94
41 33 94
42 36 94
43 39 94
44 42 94
45 45 94
46 48 94
47 51 94
48 54 94
49 57 94
50 60 94
51 63 94
52 66 94
53 69 94
54 72 94
55 75 94
56 78 94
57 81 94
58 84 94
59 87 94
60 120 94
61 123 94
62 126 94
63 129 94
64 132 94
65 135 94
66 138 94
67 141 94
68 144 94
69 147 94
70 150 94
71 153 94
72 156 94
73 159 94
74 162 94
75 165 94
76 168 94
77 171 94
78 174 94
79 177 94
80 30 98
81 33 98
82 36 98
83 39 98
84 42 98
85 45 98
86 48 98
87 51 98
88 54 98
89 57 98
90 60 98
91 63 98
92 66 98
93 69 98
94 72 98
95 75 98
96 78 98
97 81 98
98 84 98
99 87 98
100 120 98
101 123 98
102 126 98
103 129 98
104 132 98
105 135 98
106 138 98
107 141 98
108 144 98
109 147 98
110 150 98
111 153 98
112 156 98
113 159 98
114 162 98
115 165 98
116 168 98
117 171 98
118 174 98
119 177 98
120 30 102
121 33 102
122 36 102
123 39 102
124 42 102
125 45 102
126 48 102
127 51 102
128 54 102
129 57 102
130 60 102
131 63 102
132 66 102
133 69 102
134 72 102
135 75 102
136 78 102
137 81 102
138 84 102
139 87 102
140 120 102
141 123 102
142 126 102
143 129 102
144 132 102
145 135 102
146 138 102
147 141 102
148 144 102
149 147 102
150 150 102
151 153 102
152 156 102
153 159 102
154 162 102
155 165 102
156 168 102
157 171 102
158 174 102
159 177 102
160 30 106
161 33 106
162 36 106
163 39 106
164 42 106
165 45 106
166 48 106
167 51 106
168 54 106
169 57 106
170 60 106
171 63 106
172 66 106
173 69 106
174 72 106
175 75 106
176 78 106
177 81 106
178 84 106
179 87 106
180 120 106
181 123 106
182 126 106
183 129 106
184 132 106
185 135 106
186 138 106
187 141 106
188 144 106
189 147 106
190 150 106
191 153 106
192 156 106
193 159 106
194 162 106
195 165 106
196 168 106
197 171 106
198 174 106
199 177 106
200 30 110
201 33 110
202 36 110
203 39 110
204 42 110
205 45 110
206 48 110
207 51 110
208 54 110
209 57 110
210 60 110
211 63 110
212 66 110
213 69 110
214 72 110
215 75 110
216 78 110
217 81 110
218 84 110
219 87 110
220 120 110
221 123 110
222 126 110
223 129 110
224 132 110
225 135 110
226 138 110
227 141 110
228 144 110
229 147 110
230 150 110
231 153 110
232 156 110
233 159 110
234 162 110
235 165 110
236 168 110
237 171 110
238 174 110
239 177 110
240 30 144
241 33 144
242 36 144
243 39 144
244 42 144
245 45 144
246 48 144
247 51 144
248 54 144
249 57 144
250 60 144
251 63 144
252 66 144
253 69 144
254 72 144
255 75 144
256 78 144
257 81 144
258 84 144
259 87 144
260 120 144
261 123 144
262 126 144
263 129 144
264 132 144
265 135 144
266 138 144
267 141 144
268 144 144
269 147 144
270 150 144
271 153 144
272 156 144
273 159 144
274 162 144
275 165 144
276 168 144
277 171 144
278 174 144
279 177 144
280 30 148
281 33 148
282 36 148
283 39 148
284 42 148
285 45 148
286 48 148
287 51 148
288 54 148
289 57 148
290 60 148
291 63 148
292 66 148
293 69 148
294 72 148
295 75 148
296 78 148
297 81 148
298 84 148
299 87 148
300 120 148
301 123 148
302 126 148
303 129 148
304 132 148
305 135 148
306 138 148
307 141 148
308 144 148
309 147 148
310 150 148
311 153 148
312 156 148
313 159 148
314 162 148
315 165 148
316 168 148
317 171 148
318 174 148
319 177 148
320 30 152
321 33 152
322 36 152
323 39 152
324 42 152
325 45 152
326 48 152
327 51 152
328 54 152
329 57 152
330 60 152
331 63 152
332 66 152
333 69 152
334 72 152
335 75 152
336 78 152
337 81 152
338 84 152
339 87 152
340 120 152
341 123 152
342 126 152
343 129 152
344 132 152
345 135 152
346 138 152
347 141 152
348 144 152
349 147 152
350 150 152
351 153 152
352 156 152
353 159 152
354 162 152
355 165 152
356 168 152
357 171 152
358 174 152
359 177 152
360 30 156
361 33 156
362 36 156
363 39 156
364 42 156
365 45 156
366 48 156
367 51 156
368 54 156
369 57 156
370 60 156
371 63 156
372 66 156
373 69 156
374 72 156
375 75 156
376 78 156
377 81 156
378 84 156
379 87 156
380 120 156
381 123 156
382 126 156
383 129 156
384 132 156
385 135 156
386 138 156
387 141 156
388 144 156
389 147 156
390 150 156
391 153 156
392 156 156
393 159 156
394 162 156
395 165 156
396 168 156
397 171 156
398 174 156
399 177 156
400 30 160
401 33 160
402 36 160
403 39 160
404 42 160
405 45 160
406 48 160
407 51 160
408 54 160
409 57 160
410 60 160
411 63 160
412 66 160
413 69 160
414 72 160
415 75 160
416 78 160
417 81 160
418 84 160
419 87 160
420 120 160
421 123 160
422 126 160
423 129 160
424 132 160
425 135 160
426 138 160
427 141 160
428 144 160
429 147 160
430 150 160
431 153 160
432 156 160
433 159 160
434 162 160
435 165 160
436 168 160
437 171 160
438 174 160
439 177 160
440 30 164
441 33 164
442 36 164
443 39 164
444 42 164
445 45 164
446 48 164
447 51 164
448 54 164
449 57 164
450 60 164
451 63 164
452 66 164
453 69 164
454 72 164
455 75 164
456 78 164
457 81 164
458 84 164
459 87 164
460 120 164
461 123 164
462 126 164
463 129 164
464 132 164
465 135 164
466 138 164
467 141 164
468 144 164
469 147 164
470 150 164
471 153 164
472 156 164
473 159 164
474 162 164
475 165 164
476 168 164
477 171 164
478 174 164
479 177 164
carrier section
4
0 0 65 162
1 0 32 162
2 1 143 162
3 1 167 162
container section
240
0 242
1 62
2 236
3 203
4 332
5 24
6 105
7 365
8 116
9 185
10 221
11 307
12 127
13 291
14 303
15 196
16 355
17 168
18 69
19 337
20 206
21 26
22 439
23 109
24 407
25 146
26 431
27 44
28 378
29 224
30 68
31 187
32 399
33 335
34 425
35 56
36 58
37 1
38 454
39 64
40 129
41 395
42 441
43 67
44 463
45 275
46 467
47 321
48 292
49 27
50 345
51 319
52 131
53 103
54 174
55 445
56 150
57 306
58 442
59 421
60 132
61 98
62 426
63 288
64 429
65 28
66 235
67 136
68 210
69 118
70 165
71 205
72 354
73 246
74 356
75 247
76 372
77 302
78 176
79 84
80 15
81 458
82 134
83 269
84 157
85 465
86 184
87 461
88 130
89 287
90 352
91 397
92 38
93 253
94 100
95 251
96 22
97 478
98 285
99 164
100 137
101 219
102 14
103 108
104 199
105 153
106 180
107 262
108 317
109 259
110 125
111 448
112 193
113 348
114 192
115 186
116 231
117 408
118 202
119 277
120 428
121 167
122 43
123 201
124 396
125 364
126 17
127 2
128 323
129 215
130 53
131 427
132 375
133 468
134 117
135 188
136 357
137 93
138 271
139 263
140 52
141 142
142 10
143 4
144 160
145 39
146 284
147 88
148 279
149 339
150 65
151 274
152 115
153 70
154 5
155 362
156 101
157 121
158 385
159 309
160 400
161 77
162 452
163 474
164 30
165 261
166 25
167 370
168 194
169 213
170 177
171 54
172 329
173 80
174 233
175 173
176 264
177 3
178 256
179 21
180 237
181 413
182 462
183 211
184 12
185 119
186 232
187 83
188 126
189 9
190 225
191 410
192 143
193 334
194 135
195 281
196 220
197 208
198 366
199 374
200 216
201 343
202 353
203 351
204 447
205 382
206 346
207 238
208 289
209 388
210 333
211 405
212 145
213 265
214 443
215 314
216 114
217 402
218 57
219 479
220 255
221 254
222 178
223 49
224 152
225 420
226 283
227 475
228 212
229 106
230 191
231 304
232 79
233 297
234 33
235 453
236 326
237 381
238 228
239 151
demand section
24  % 24 containers will appear during the day with all operations
demand crane 0
3 0 1 2    % 3 ships coming: ships 0, 1 and 2
ship 0
10  % number of operations at the crane for this ship
unload 0 240 298   % pick at discharge 0 container 240 and put it at storage area 298
unload 0 241 455   % pick at discharge 0 container 241 and put it at storage area 455
unload 0 242 92   % pick at discharge 0 container 242 and put it at storage area 92
unload 0 243 6   % pick at discharge 0 container 243 and put it at storage area 6
unload 0 244 166   % pick at discharge 0 container 244 and put it at storage area 166
unload 0 245 368   % pick at discharge 0 container 245 and put it at storage area 368
load 0 76   % bring container 76 to discharge 0
load 0 70   % bring container 70 to discharge 0
load 0 42   % bring container 42 to discharge 0
load 0 17   % bring container 17 to discharge 0
ship 1
10  % number of operations at the crane for this ship
load 0 109   % bring container 109 to discharge 0
load 0 218   % bring container 218 to discharge 0
load 0 60   % bring container 60 to discharge 0
load 0 236   % bring container 236 to discharge 0
load 0 214   % bring container 214 to discharge 0
load 0 173   % bring container 173 to discharge 0
load 0 197   % bring container 197 to discharge 0
load 0 128   % bring container 128 to discharge 0
load 0 121   % bring container 121 to discharge 0
load 0 24   % bring container 24 to discharge 0
ship 2
10  % number of operations at the crane for this ship
unload 0 246 414   % pick at discharge 0 container 246 and put it at storage area 414
unload 0 247 245   % pick at discharge 0 container 247 and put it at storage area 245
unload 0 248 40   % pick at discharge 0 container 248 and put it at storage area 40
unload 0 249 416   % pick at discharge 0 container 249 and put it at storage area 416
unload 0 250 45   % pick at discharge 0 container 250 and put it at storage area 45
unload 0 251 286   % pick at discharge 0 container 251 and put it at storage area 286
unload 0 252 459   % pick at discharge 0 container 252 and put it at storage area 459
unload 0 253 16   % pick at discharge 0 container 253 and put it at storage area 16
unload 0 254 42   % pick at discharge 0 container 254 and put it at storage area 42
load 0 40   % bring container 40 to discharge 0
demand crane 1
3 3 4 5    % 3 ships coming: ships 3, 4 and 5
ship 3
6  % number of operations at the crane for this ship
load 0 49   % bring container 49 to discharge 0
load 0 224   % bring container 224 to discharge 0
load 0 96   % bring container 96 to discharge 0
load 0 209   % bring container 209 to discharge 0
load 0 26   % bring container 26 to discharge 0
load 0 186   % bring container 186 to discharge 0
ship 4
10  % number of operations at the crane for this ship
unload 0 255 470   % pick at discharge 0 container 255 and put it at storage area 470
unload 0 256 102   % pick at discharge 0 container 256 and put it at storage area 102
unload 0 257 436   % pick at discharge 0 container 257 and put it at storage area 436
unload 0 258 78   % pick at discharge 0 container 258 and put it at storage area 78
load 0 85   % bring container 85 to discharge 0
load 0 50   % bring container 50 to discharge 0
load 0 66   % bring container 66 to discharge 0
load 0 112   % bring container 112 to discharge 0
load 0 213   % bring container 213 to discharge 0
load 0 15   % bring container 15 to discharge 0
ship 5
8  % number of operations at the crane for this ship
unload 0 259 308   % pick at discharge 0 container 259 and put it at storage area 308
unload 0 260 32   % pick at discharge 0 container 260 and put it at storage area 32
unload 0 261 344   % pick at discharge 0 container 261 and put it at storage area 344
unload 0 262 66   % pick at discharge 0 container 262 and put it at storage area 66
unload 0 263 393   % pick at discharge 0 container 263 and put it at storage area 393
load 0 64   % bring container 64 to discharge 0
load 0 182   % bring container 182 to discharge 0
load 0 45   % bring container 45 to discharge 0
